-6.2141e-06,0.001932,-1.9188e-05,-0.0098074,-0.00064481,0.017358,0.001689,-0.023124,-0.003264,0.047191,0.0086305,-0.091478,-0.008269,0.14977,0.0041869,0.20149,-0.022977,0.16037,0.16102,-0.062282,0.2281,0.030606,0.24554,-0.012301,-0.24793,0.0090477,0.24922,0.077652,-0.24785,0.25746,-0.064808,0.25469,-0.082251,-0.1967,-0.179,0.088916,-0.23341,-0.11707,-0.20834,0.10287,0.19574,0.067689,0.19401,0.098566,-0.14942,-0.12342,-0.11203,0.14219,-0.040855,-0.12528,-0.090775,-0.038441,0.086524,-0.089956,0.012394,-0.10085,0.083088,0.034055,-0.011302,-0.00018255
-1.4799e-05,0.0048487,-2.5542e-05,-0.023659,-0.001574,0.044569,0.0044765,-0.063714,-0.0087318,0.11475,0.018055,-0.19044,-0.017369,0.26759,0.0036161,0.30669,-0.029069,0.21279,0.20731,-0.074228,0.25274,0.031958,0.22358,-0.015641,-0.18154,0.00010946,0.1327,0.01909,-0.08409,0.027191,-0.015847,-0.026188,0.0079515,0.067286,0.05661,-0.049316,0.12617,0.090469,0.15622,-0.10355,-0.18705,-0.066854,-0.22428,-0.11582,0.19917,0.16264,0.16742,-0.21433,0.070255,0.20723,0.14984,0.070712,-0.15524,0.16064,-0.019003,0.19162,-0.16611,-0.070237,0.023258,0.00083286
-2.5866e-05,0.0088303,-2.1928e-05,-0.041727,-0.0026959,0.080576,0.0082868,-0.11632,-0.015263,0.186,0.025871,-0.26399,-0.025434,0.30569,-0.0035988,0.27125,-0.018349,0.13524,0.12351,-0.028199,0.077086,0.0034692,-0.014332,-0.0024367,0.094822,-0.0063076,-0.16325,-0.066144,0.20857,-0.24255,0.070873,-0.24584,0.088102,0.16905,0.16626,-0.056052,0.17409,0.048346,0.10468,0.00030565,-0.0324,-0.011563,0.057035,0.024311,-0.10845,-0.077537,-0.13198,0.16347,-0.080871,-0.20647,-0.14368,-0.090631,0.18383,-0.18566,0.011517,-0.25122,0.23778,0.10718,-0.035743,-0.0021885
-3.9501e-05,0.013909,-1.0305e-05,-0.063667,-0.003904,0.12264,0.012771,-0.17227,-0.021396,0.24179,0.029912,-0.28518,-0.030202,0.24621,-0.012799,0.11783,-0.0017279,-0.018661,-0.026149,0.041357,-0.14459,-0.03022,-0.22213,0.019736,0.24769,0.0037801,-0.22541,-0.035145,0.16555,-0.067238,0.037638,0.036802,-0.011616,-0.11277,-0.099098,0.075038,-0.21208,-0.12372,-0.23329,0.10374,0.22241,0.086094,0.15984,0.099504,-0.059843,-0.075126,0.023519,-0.0095544,0.068507,0.11826,0.066511,0.094265,-0.16124,0.1518,0.013809,0.26292,-0.28719,-0.14323,0.049095,0.0043077
-5.5735e-05,0.020067,8.5652e-06,-0.08864,-0.005085,0.16665,0.017368,-0.22094,-0.025639,0.26485,0.028766,-0.24131,-0.029338,0.10834,-0.016264,-0.075818,0.0083375,-0.15045,-0.14229,0.078695,-0.23249,-0.035822,-0.19747,0.023171,0.099958,0.0087746,0.029916,0.050689,-0.145,0.22921,-0.078183,0.24623,-0.10081,-0.13745,-0.15373,0.013826,-0.087623,0.03608,0.040776,-0.097951,-0.1514,-0.064137,-0.22079,-0.13232,0.17534,0.17123,0.092122,-0.15094,-0.034122,0.015827,0.04566,-0.08016,0.096446,-0.071097,-0.051397,-0.22588,0.3109,0.17873,-0.064433,-0.0073583
-7.4546e-05,0.027246,3.4651e-05,-0.11546,-0.0061217,0.2078,0.021398,-0.25185,-0.026745,0.24442,0.022181,-0.13903,-0.021448,-0.058204,-0.0092026,-0.21501,0.0074226,-0.17636,-0.15512,0.049151,-0.12281,-0.0022956,0.027566,-0.0054489,-0.17016,-0.006638,0.2511,0.049302,-0.23497,0.12121,-0.063102,-0.030865,0.015753,0.13404,0.13299,-0.070421,0.24996,0.092378,0.20869,-0.01128,-0.095574,-0.034919,0.077565,0.041131,-0.15551,-0.13675,-0.14964,0.22382,-0.015105,-0.14064,-0.14313,0.04546,-0.0053697,-0.033137,0.087238,0.14505,-0.30411,-0.21178,0.082186,0.011625
-9.5844e-05,0.035363,6.7108e-05,-0.14276,-0.006897,0.2413,0.024187,-0.2568,-0.024032,0.1795,0.011378,-0.0035502,-0.0075342,-0.19198,0.005733,-0.23432,0.0013283,-0.08098,-0.065265,-0.026695,0.088198,0.038859,0.22639,-0.032134,-0.24411,-0.013275,0.13344,-0.022916,0.041418,-0.1937,0.079048,-0.24065,0.11059,0.10332,0.12534,0.015584,-0.020215,-0.088961,-0.17909,0.10611,0.23279,0.10347,0.13684,0.090227,0.013333,-0.0011795,0.10853,-0.16532,0.0568,0.20092,0.18249,0.0054781,-0.086563,0.12716,-0.10056,-0.039203,0.26799,0.24015,-0.1029,-0.017267
-0.0001195,0.044323,0.00010233,-0.16921,-0.007305,0.2631,0.025214,-0.23157,-0.017677,0.079775,-0.0010463,0.12829,0.0086197,-0.24372,0.019892,-0.12939,-0.0016439,0.070341,0.064194,-0.083177,0.22735,0.040108,0.20298,-0.016977,-0.034084,0.0055737,-0.1674,-0.053515,0.25509,-0.16758,0.079556,0.022846,-0.029823,-0.14579,-0.16633,0.058766,-0.24297,-0.043792,-0.092634,-0.071432,-0.10274,-0.07081,-0.21581,-0.14278,0.14153,0.13514,0.011532,0.012939,-0.061962,-0.17023,-0.15254,-0.057759,0.15549,-0.18427,0.074678,-0.065788,-0.20623,-0.26033,0.12599,0.024576
-0.00014536,0.054037,0.000134,-0.19359,-0.0072717,0.27029,0.024239,-0.17682,-0.0087575,-0.036193,-0.011942,0.21901,0.021979,-0.19568,0.024837,0.04194,0.0006651,0.1741,0.15033,-0.068127,0.18239,-0.003545,-0.019974,0.020728,0.21713,0.01524,-0.2442,-0.0090568,0.069346,0.14881,-0.074583,0.2405,-0.11059,-0.079632,-0.078557,-0.026872,0.12899,0.11426,0.24642,-0.056709,-0.14435,-0.021351,0.078134,0.078723,-0.18213,-0.16942,-0.13472,0.14398,0.017583,0.060675,0.076658,0.087604,-0.18405,0.19454,-0.008074,0.14389,0.12567,0.26826,-0.14999,-0.033927
-0.00017325,0.064422,0.00015495,-0.21487,-0.0067716,0.26137,0.021333,-0.098066,0.0010604,-0.14495,-0.018785,0.24224,0.028417,-0.069244,0.017331,0.18912,0.0042548,0.15948,0.13903,0.0061925,-0.011224,-0.044044,-0.22511,0.029101,0.2172,-0.0022205,0.010128,0.046129,-0.2247,0.20311,-0.086643,-0.015607,0.048876,0.15921,0.18631,-0.059495,0.18429,-0.0080831,-0.077642,0.11557,0.22998,0.081094,0.14217,0.034149,0.067221,0.091867,0.17458,-0.22198,0.054753,0.08321,0.0052137,-0.074126,0.16484,-0.16535,-0.083013,-0.17676,-0.036988,-0.26024,0.17324,0.045504
-0.00020302,0.07541,0.0001587,-0.23223,-0.0058269,0.23629,0.01683,-0.0048989,0.0099831,-0.22356,-0.020397,0.19159,0.025982,0.082945,0.00047892,0.23499,0.0042969,0.036312,0.037094,0.074589,-0.19848,-0.036797,-0.212,-0.00056886,-0.034827,-0.014437,0.25074,0.037316,-0.16356,-0.099915,0.067334,-0.2441,0.10118,0.0604,0.021963,0.042374,-0.21027,-0.12281,-0.19083,-0.020697,-0.064806,-0.067369,-0.22758,-0.1022,0.11743,0.030789,-0.091725,0.18499,-0.10757,-0.20086,-0.058803,0.014161,-0.10523,0.11779,0.17034,0.15949,-0.048664,0.2339,-0.19359,-0.05951
-0.00023455,0.086942,0.00013999,-0.24505,-0.0044965,0.19639,0.011244,0.090508,0.016477,-0.25495,-0.017034,0.083193,0.015353,0.19832,-0.017868,0.15589,-0.00066563,-0.11214,-0.090838,0.078306,-0.22782,0.0090532,0.0076881,-0.025753,-0.24593,0.00018711,0.14952,-0.02694,0.15457,-0.2285,0.089648,0.0084478,-0.067048,-0.17348,-0.18456,0.062203,-0.085268,0.074147,0.21116,-0.11364,-0.16583,0.011805,0.089186,0.086552,-0.21908,-0.11096,-0.069212,-0.061806,0.098485,0.24362,0.071627,0.074655,0.023912,-0.075776,-0.22555,-0.099597,0.11955,-0.1895,0.20911,0.076083
-0.0002677,0.098973,9.5114e-05,-0.2529,-0.0028676,0.1442,0.0051877,0.17525,0.019564,-0.23196,-0.010108,-0.04914,-0.00027137,0.23006,-0.028611,-0.0062552,-0.007573,-0.18556,-0.16222,0.01573,-0.073362,0.042955,0.2207,-0.014391,-0.16982,0.014753,-0.15573,-0.057577,0.22741,0.046259,-0.059278,0.24713,-0.086337,-0.038404,0.034742,-0.070912,0.24298,0.098278,0.037945,0.109,0.21419,0.033208,0.14063,-0.021101,0.14535,0.10573,0.20423,-0.07482,-0.01846,-0.19543,-0.055032,-0.16041,0.054964,0.057706,0.2311,0.014959,-0.16485,0.12991,-0.21812,-0.095146
-0.00030239,0.11146,2.1271e-05,-0.25547,-0.0010434,0.083174,-0.00070409,0.23765,0.018965,-0.15916,-0.0017191,-0.16428,-0.015876,0.16589,-0.025856,-0.1662,-0.010625,-0.13443,-0.12969,-0.057577,0.14209,0.029151,0.21834,0.013854,0.1057,0.0011938,-0.24867,-0.0031001,-0.057779,0.24164,-0.089044,-0.0033682,0.084225,0.18794,0.16223,-0.053873,-0.0278,-0.14119,-0.23182,0.044397,-0.038031,-0.048847,-0.23822,-0.032715,0.053957,-0.039996,-0.21844,0.15345,-0.099427,0.080048,0.035822,0.20974,-0.11051,-0.070988,-0.18661,0.07088,0.17663,-0.060455,0.21856,0.11616
-0.00033852,0.12438,-8.4166e-05,-0.2526,0.00086556,0.017372,-0.0058382,0.269,0.015119,-0.051954,0.0059158,-0.22655,-0.026199,0.032705,-0.010441,-0.23978,-0.0057304,0.0065061,-0.012095,-0.078297,0.2446,-0.014238,0.00054785,0.018539,0.2584,-0.018021,-0.0013515,0.065868,-0.24925,0.0082649,0.052518,-0.25051,0.065276,0.011733,-0.084169,0.11027,-0.21898,-0.028265,0.12976,-0.15939,-0.16886,0.047809,0.10917,0.045555,-0.2231,-0.02165,0.091821,-0.14697,0.19479,0.052282,-0.040432,-0.20246,0.13308,0.11031,0.10926,-0.13382,-0.15257,-0.011167,-0.20817,-0.13796
-0.00037604,0.13768,-0.00022419,-0.24421,0.0027457,-0.048797,-0.0097307,0.26481,0.0090615,0.066721,0.011079,-0.21662,-0.027741,-0.11427,0.010129,-0.18764,0.0051191,0.14197,0.11614,-0.031321,0.14882,-0.036909,-0.21993,-0.002782,0.10661,-0.0051124,0.24891,0.039008,-0.045315,-0.24389,0.082699,0.0013541,-0.098783,-0.20311,-0.11931,0.020811,0.12699,0.18053,0.1242,0.078569,0.1967,-0.034173,0.12221,-0.0381,0.22767,0.033314,0.10391,0.08355,-0.21033,-0.15166,0.079308,0.14085,-0.12777,-0.15966,-0.027334,0.15605,0.098273,0.075466,0.1854,0.15913
-0.00041496,0.15136,-0.00040154,-0.23028,0.0044825,-0.11089,-0.012072,0.22557,0.0021803,0.17121,0.012982,-0.13746,-0.01999,-0.21409,0.02583,-0.036817,0.01436,0.18078,0.17074,0.038486,-0.070472,-0.016304,-0.22401,-0.014378,-0.17247,0.021286,0.15625,-0.059496,0.22774,-0.060706,-0.048692,0.25352,-0.03543,0.025352,0.11586,-0.14724,0.14425,-0.083972,-0.21211,0.11646,-0.034289,-0.0081245,-0.23836,0.04062,-0.061734,-0.0074813,-0.25081,-0.018556,0.12497,0.19247,-0.13842,-0.04776,0.11154,0.19821,-0.030493,-0.13177,-0.026528,-0.12317,-0.1502,-0.17831
-0.0004553,0.16536,-0.00061835,-0.21087,0.0059627,-0.16469,-0.012761,0.15671,-0.0040956,0.2388,0.011781,-0.013671,-0.0054621,-0.2251,0.029287,0.13303,0.014402,0.098075,0.11319,0.069694,-0.23489,0.018128,-0.0050725,-0.0003302,-0.24762,0.012048,-0.15294,-0.07342,0.136,0.23534,-0.071648,-0.0025695,0.1074,0.21234,0.061029,0.046476,-0.18243,-0.15067,0.046204,-0.18707,-0.1463,0.075564,0.13861,-0.045859,-0.14929,-0.0036078,0.25975,-0.0098854,0.031131,-0.1807,0.18493,-0.044199,-0.1046,-0.2087,0.046,0.069041,-0.045915,0.14727,0.104,0.19422
-0.00049711,0.17968,-0.00087569,-0.18612,0.0070785,-0.2065,-0.011908,0.067865,-0.0085884,0.25491,0.0083336,0.11596,0.011112,-0.14211,0.019306,0.23186,0.003816,-0.048126,-0.020976,0.039707,-0.20793,0.024763,0.22041,0.011854,-0.028475,-0.022798,-0.24946,0.038268,-0.16869,0.10978,0.047638,-0.25395,-0.00065351,-0.071703,-0.11992,0.15353,-0.044537,0.19548,0.15284,0.029299,0.17892,-0.11275,0.074581,0.015945,0.24923,-0.033744,-0.12644,0.0065811,-0.18835,0.14257,-0.18408,0.10686,0.12103,0.18419,-0.017709,0.012761,0.10258,-0.14423,-0.049607,-0.20525
-0.00054047,0.19427,-0.0011729,-0.15624,0.0077329,-0.23332,-0.0098146,-0.028582,-0.010592,0.21627,0.0038385,0.2107,0.024361,0.00093153,0.0010818,0.2071,-0.010529,-0.15859,-0.14355,-0.019221,-0.010239,0.00091475,0.22753,-0.001244,0.22476,-0.021786,-0.00031819,0.10005,-0.19991,-0.21571,0.058454,0.0037948,-0.10714,-0.20857,-0.001894,-0.13189,0.17808,0.036555,-0.15533,0.1801,-0.052677,0.0554,-0.20393,0.060652,-0.17217,0.093436,-0.067826,-0.0084817,0.27148,-0.10492,0.11919,-0.12836,-0.16186,-0.13128,-0.038927,-0.088105,-0.13085,0.11481,-0.0086102,0.20972
-0.00058544,0.20911,-0.0015065,-0.12149,0.0078501,-0.2431,-0.0069272,-0.1192,-0.0099999,0.13154,-0.00050877,0.24065,0.030018,0.14488,-0.016908,0.071598,-0.017968,-0.16122,-0.17146,-0.054836,0.19577,-0.018702,0.0087239,-0.018054,0.2119,0.021145,0.24726,-0.0056239,0.083512,-0.15495,-0.047025,0.2515,0.036322,0.12041,0.096499,-0.11117,-0.04002,-0.23802,-0.0090593,-0.1823,-0.10458,0.079542,0.14397,-0.13113,-0.013117,-0.10651,0.2113,0.046389,-0.24118,0.079332,-0.0043678,0.1176,0.21277,0.06911,0.096705,0.13285,0.12449,-0.064366,0.065369,-0.20708
-0.00063208,0.22418,-0.0018698,-0.08222,0.0073893,-0.2348,-0.0037461,-0.19144,-0.0073049,0.019447,-0.0038537,0.19595,0.026162,0.22994,-0.027152,-0.10285,-0.012678,-0.057284,-0.083317,-0.042054,0.24,-0.010286,-0.21771,-0.0064182,-0.050187,0.035712,0.15325,-0.11587,0.22936,0.18685,-0.044383,-0.0044831,0.096824,0.189,-0.040131,0.2015,-0.13054,0.11634,0.13459,-0.040759,0.15918,-0.17476,0.027578,0.11672,0.16492,0.028985,-0.23027,-0.11153,0.11552,-0.056874,-0.12023,-0.098097,-0.25157,-0.02134,-0.12803,-0.133,-0.086203,0.0023758,-0.11529,0.19816
-0.00068045,0.23945,-0.0022536,-0.03882,0.0063506,-0.20846,-0.00073249,-0.2353,-0.0033893,-0.095313,-0.0058091,0.089858,0.013784,0.22022,-0.025807,-0.22311,0.0016901,0.082377,0.063411,0.0019874,0.086042,0.011595,-0.22615,0.022239,-0.25087,-0.0095655,-0.14814,-0.038327,0.014902,0.19733,0.047719,-0.24932,-0.067815,-0.16652,-0.057546,0.024277,0.08595,0.17503,-0.099462,0.22224,-0.0761,0.11655,-0.14294,0.0051784,-0.18298,0.10724,0.13043,0.15983,0.041539,0.020504,0.20809,0.092823,0.25957,0.0044613,0.11766,0.090087,0.027289,0.059528,0.15324,-0.18395
-0.00073054,0.25489,-0.0026481,0.0082757,0.0047672,-0.16511,0.0017414,-0.24452,0.00075576,-0.18743,-0.0063221,-0.045168,-0.003245,0.11838,-0.013753,-0.22376,0.014905,0.16477,0.16908,0.038491,-0.13781,0.016638,-0.0094888,0.025868,-0.15539,-0.048343,-0.24246,0.11486,-0.21678,-0.14674,0.030958,0.0030883,-0.0801,-0.15678,0.05938,-0.22826,0.070537,-0.23483,-0.027171,-0.13761,-0.066419,0.066419,0.11543,-0.15355,0.079792,-0.2045,0.0137,-0.14135,-0.1555,0.04031,-0.22754,-0.11404,-0.22917,-0.022404,-0.066792,-0.018138,0.037759,-0.1112,-0.17597,0.16525
-0.0007823,0.27049,-0.0030446,0.058619,0.0026933,-0.10668,0.0034087,-0.21721,0.0041947,-0.23604,-0.0055689,-0.16688,-0.019191,-0.034709,0.0037385,-0.10213,0.017248,0.13563,0.15891,0.040241,-0.24386,-0.0023127,0.21327,-0.007978,0.11937,-0.014936,-0.0064579,0.088592,-0.10794,-0.23275,-0.05184,0.24757,0.095186,0.20458,0.013223,0.083775,-0.09253,-0.027976,0.10193,-0.11393,0.14708,-0.2073,-0.002499,0.2015,0.046881,0.17451,-0.11596,0.039432,0.18213,-0.11979,0.177,0.15678,0.16761,0.064526,-0.0077306,-0.060956,-0.094067,0.14495,0.1818,-0.14272
-0.0008357,0.28622,-0.0034356,0.11175,0.00019419,-0.035673,0.0041239,-0.15573,0.0061473,-0.22859,-0.0039043,-0.23529,-0.028459,-0.17496,0.019129,0.078173,0.0065444,0.015234,0.035897,0.011104,-0.14191,-0.019726,0.21655,-0.037762,0.24586,0.046754,0.22933,-0.088745,0.16093,0.09363,-0.020454,0.0027234,0.060506,0.11672,-0.057256,0.20211,-0.02243,0.26063,-0.070537,0.22993,-0.10169,0.1634,-0.075199,-0.091984,-0.10374,-0.016951,0.13378,0.10879,-0.128,0.19318,-0.085491,-0.19921,-0.093605,-0.10904,0.079083,0.1227,0.12872,-0.15557,-0.17026,0.11703
-0.00089072,0.30207,-0.0038143,0.16723,-0.0026616,0.04513,0.0038645,-0.065965,0.0060573,-0.16249,-0.0017665,-0.22345,-0.027475,-0.23864,0.025695,0.21727,-0.0095356,-0.11411,-0.11579,-0.022261,0.081988,-0.010501,-0.0022177,-0.019424,0.075711,0.041173,0.14224,-0.12676,0.16845,0.24865,0.056813,-0.23798,-0.11441,-0.22574,0.02602,-0.17754,0.071122,-0.13485,-0.01712,-0.064943,-0.034339,0.042695,0.062248,-0.10703,0.074791,-0.17612,-0.087416,-0.23292,0.041328,-0.23082,-0.002505,0.21573,0.029948,0.13312,-0.12144,-0.14858,-0.13434,0.14207,0.1429,-0.089073
-0.00094743,0.31802,-0.0041747,0.22464,-0.0058088,0.133,0.0027162,0.044128,0.0036328,-0.044615,0.00044494,-0.12336,-0.015547,-0.18491,0.019826,0.22581,-0.018017,-0.15924,-0.18155,-0.034247,0.22961,0.014742,-0.21384,0.028366,-0.18004,-0.029445,-0.13748,0.047927,-0.085001,-0.04376,0.010272,-0.0036722,-0.034057,-0.064089,0.035133,-0.12094,-9.5891e-05,-0.17161,0.080341,-0.17233,0.14146,-0.21498,-0.0098898,0.23236,-0.018526,0.26597,0.032277,0.25634,0.018426,0.20516,0.046517,-0.18275,0.0051084,-0.11812,0.11568,0.12785,0.1073,-0.105,-0.10048,0.058523
-0.0010059,0.33407,-0.0045116,0.28365,-0.0091901,0.22557,0.00085292,0.16617,-0.0011385,0.11154,0.0025029,0.054481,0.0056378,-0.0075329,0.0013524,0.063271,-0.0093157,-0.068334,-0.08571,-0.015769,0.14156,0.018966,-0.17149,0.03693,-0.18744,-0.052632,-0.19783,0.13641,-0.18105,-0.23917,-0.057627,0.21838,0.1208,0.2271,-0.04837,0.22739,-0.046289,0.23704,-0.069118,0.19423,-0.12107,0.18626,-0.012932,-0.17737,-0.0072575,-0.18453,-0.0045666,-0.15857,-0.025426,-0.11594,-0.037256,0.10066,-0.010184,0.065866,-0.066073,-0.069579,-0.056191,0.052777,0.049192,-0.027476
-0.0010663,0.35019,-0.0048202,0.344,-0.01276,0.32109,-0.0014893,0.29293,-0.0080422,0.29007,0.0044147,0.28725,0.033255,0.26942,-0.027894,-0.25283,0.016463,0.15195,0.17128,0.029442,-0.19767,-0.015312,0.18157,-0.029186,0.15937,0.035473,0.14009,-0.080008,0.11091,0.12598,0.025988,-0.10313,-0.051313,-0.095172,0.017342,-0.086162,0.020519,-0.083133,0.021236,-0.063995,0.036819,-0.056515,0.0058155,0.051226,0.0042131,0.051279,-0.00041135,0.041842,0.0080928,0.029424,0.01059,-0.025196,0.0032786,-0.016477,0.016657,0.017145,0.013572,-0.012498,-0.011499,0.0062729
0.010131,-0.00017473,-0.033372,-0.0011508,0.06363,0.0081958,-0.094347,-0.0096751,0.11817,0.013807,-0.15099,-0.022733,0.17744,0.0073917,0.1931,-0.018291,-0.19578,-0.16119,0.16218,0.23245,0.06613,-0.23755,0.034585,0.25233,-0.0087499,0.26239,-0.0080773,0.27696,0.090422,0.070811,0.2613,0.068289,0.21917,-0.15401,0.15313,0.20802,0.082624,-0.19178,0.1019,0.19669,-0.074431,-0.16477,0.088586,-0.13973,-0.10221,0.12739,-0.10025,-0.076403,-0.13131,-0.020847,0.088639,-0.090419,0.025828,0.040142,-0.070553,0.040619,-0.021985,-0.0045835,-0.00090619,-0.00011218
0.02032,-0.000349,-0.065242,-0.0020321,0.12047,0.014963,-0.17052,-0.017205,0.20448,0.023838,-0.23918,-0.035438,0.25973,0.012231,0.25469,-0.021429,-0.23786,-0.16084,0.1637,0.19791,0.056011,-0.15515,0.022851,0.1167,-0.0057699,0.065825,-0.0035227,0.0034255,0.0024997,-0.014888,-0.047162,-0.027875,-0.084201,0.092278,-0.080649,-0.16393,-0.058357,0.18548,-0.083275,-0.22068,0.073183,0.21036,-0.13449,0.20067,0.16598,-0.19578,0.17735,0.12192,0.23418,0.048139,-0.16548,0.18133,-0.057888,-0.076924,0.14759,-0.084141,0.042742,0.0094624,0.0026329,0.00032922
0.030559,-0.00052514,-0.095303,-0.0026095,0.16884,0.019875,-0.22431,-0.021799,0.24913,0.028185,-0.25355,-0.035548,0.23357,0.011563,0.17772,-0.011813,-0.1171,-0.02641,0.025293,-0.031686,-0.014277,0.11266,-0.020041,-0.17303,0.012305,-0.22899,-0.0011037,-0.25622,-0.075682,-0.072927,-0.24642,-0.067819,-0.19461,0.12051,-0.12148,-0.10734,-0.042892,0.040147,-0.041653,0.017035,0.015095,-0.066283,0.084887,-0.11585,-0.13934,0.14622,-0.18268,-0.10006,-0.25421,-0.077912,0.19156,-0.24338,0.091426,0.095533,-0.21551,0.11926,-0.055214,-0.011633,-0.0051801,-0.0010636
0.040842,-0.00070571,-0.12323,-0.0028501,0.20721,0.022569,-0.25248,-0.022832,0.24704,0.025749,-0.1966,-0.023222,0.11671,0.0044866,0.0091481,0.0028858,0.084823,0.12625,-0.13497,-0.22744,-0.073456,0.2475,-0.040974,-0.22386,0.016802,-0.16159,0.0038667,-0.05563,-0.020331,0.019234,0.043582,0.049036,0.12237,-0.15236,0.1264,0.23733,0.072259,-0.22185,0.10516,0.21048,-0.088066,-0.15084,0.039973,-0.060827,0.02496,-0.0077992,0.10344,0.021031,0.18047,0.10075,-0.15115,0.25819,-0.12045,-0.088749,0.26399,-0.13897,0.054905,0.0072968,0.0088572,0.002678
0.051162,-0.00089172,-0.14871,-0.0027434,0.23431,0.022867,-0.25355,-0.020152,0.20001,0.016897,-0.086649,-0.0024665,-0.042646,-0.0061358,-0.16308,0.014365,0.23296,0.17365,-0.18324,-0.19732,-0.057787,0.089278,-0.0095351,0.031836,-0.0073152,0.15867,0.012061,0.23644,0.059795,0.079537,0.23984,0.064618,0.1769,-0.070082,0.077751,-0.026886,0.0075427,0.12969,-0.024091,-0.21465,0.051699,0.23506,-0.14047,0.19229,0.11238,-0.12456,0.023213,0.064483,-0.048653,-0.10519,0.064397,-0.22818,0.1411,0.060664,-0.29264,0.14693,-0.041448,0.005998,-0.015283,-0.0050832
0.061515,-0.0010814,-0.17143,-0.0023132,0.24925,0.020857,-0.22823,-0.014257,0.11705,0.0037106,0.045495,0.019475,-0.18235,-0.014479,-0.25059,0.017627,0.22573,0.079234,-0.077808,0.029078,0.020368,-0.17846,0.037719,0.24631,-0.027066,0.23126,0.0046101,0.10753,0.033475,-0.020338,-0.03523,-0.066416,-0.15409,0.18858,-0.15755,-0.22906,-0.068888,0.12273,-0.085888,-0.0070984,0.052366,-0.10574,0.13011,-0.18368,-0.18686,0.17628,-0.14074,-0.11107,-0.09237,0.082211,0.038148,0.16157,-0.1477,-0.020068,0.30206,-0.15138,0.019837,-0.02922,0.025895,0.0083761
0.071896,-0.0012698,-0.19109,-0.0016256,0.25163,0.016931,-0.17958,-0.0063208,0.01307,-0.010358,0.16406,0.034488,-0.2496,-0.0153,-0.20869,0.011726,0.065179,-0.07927,0.094104,0.22684,0.080729,-0.23922,0.040215,0.124,-0.009619,-0.056573,-0.014394,-0.2056,-0.045565,-0.082406,-0.2324,-0.054756,-0.15408,0.0048721,-0.017017,0.15765,0.028956,-0.2209,0.083446,0.21677,-0.1037,-0.12338,-0.015698,0.044173,0.14418,-0.13121,0.19436,0.10541,0.19627,-0.035256,-0.13151,-0.069788,0.13691,-0.026233,-0.29081,0.15999,-0.00083905,0.060176,-0.04115,-0.012897
0.082302,-0.0014492,-0.20743,-0.00078803,0.24156,0.011741,-0.1128,0.0020456,-0.093457,-0.02148,0.23741,0.036869,-0.2203,-0.0076303,-0.059029,-0.00033974,-0.14254,-0.17256,0.18935,0.19851,0.060352,-0.017326,-0.006103,-0.17044,0.022421,-0.2538,-0.014105,-0.15081,-0.040327,0.016271,0.031352,0.073708,0.18559,-0.19434,0.17261,0.14413,0.046242,0.042578,0.020821,-0.19181,0.047437,0.25077,-0.10225,0.13183,-0.0093841,0.019887,-0.15462,-0.060759,-0.22972,-0.018102,0.19914,-0.03065,-0.11347,0.078045,0.2551,-0.17336,-0.0042262,-0.092677,0.060574,0.01886
0.092728,-0.0016106,-0.22019,7.2299e-05,0.21968,0.0060379,-0.034834,0.009275,-0.18356,-0.026787,0.2462,0.025796,-0.10724,0.0045359,0.12187,-0.011918,-0.25834,-0.12466,0.12974,-0.026662,-0.020047,0.22679,-0.044991,-0.23096,0.026156,-0.051743,0.0049796,0.16693,0.037873,0.080561,0.2289,0.045204,0.12537,0.055687,-0.057782,-0.23485,-0.061155,0.18278,-0.097324,-0.033214,0.058179,-0.16287,0.12025,-0.22805,-0.1235,0.10741,0.040302,-0.0058291,0.17932,0.058833,-0.22689,0.11726,0.088175,-0.13679,-0.19565,0.18228,-0.010948,0.11883,-0.082571,-0.026553
0.10317,-0.0017458,-0.22918,0.00084441,0.18718,0.00047634,0.046284,0.014292,-0.24111,-0.025258,0.18839,0.0055784,0.045639,0.014645,0.2416,-0.016199,-0.20374,0.02432,-0.03525,-0.22192,-0.080821,0.2031,-0.032656,0.029691,-0.0011104,0.23118,0.014461,0.18687,0.045846,-0.0077897,-0.02822,-0.072488,-0.21291,0.17725,-0.15731,-0.018898,0.0053216,-0.16899,0.064081,0.21146,-0.11527,-0.072325,-0.034163,0.16984,0.16042,-0.19066,0.08465,0.078206,-0.064064,-0.080126,0.20368,-0.16952,-0.07038,0.19927,0.12195,-0.17288,0.043947,-0.13205,0.10528,0.036385
0.11362,-0.0018483,-0.2342,0.001453,0.14573,-0.004471,0.12221,0.01664,-0.25568,-0.017776,0.079661,-0.016194,0.18004,0.017173,0.23877,-0.010993,-0.013349,0.15145,-0.17123,-0.19247,-0.06353,-0.062197,0.014451,0.25336,-0.025507,0.14997,0.0061848,-0.11921,-0.032406,-0.076269,-0.2268,-0.038836,-0.089323,-0.10508,0.13283,0.2415,0.061099,-0.058121,0.037036,-0.15521,0.069514,0.25462,-0.060444,0.017801,-0.082764,0.17962,-0.15117,-0.13652,-0.068049,0.088341,-0.12723,0.17816,0.061981,-0.25461,-0.051558,0.1365,-0.086009,0.12847,-0.12739,-0.048884
0.12407,-0.0019131,-0.23515,0.0018592,0.097405,-0.0085044,0.18518,0.016401,-0.22454,-0.0066552,-0.050745,-0.031509,0.24513,0.01043,0.11419,-6.909e-05,0.18776,0.15306,-0.16853,0.028842,0.013949,-0.25475,0.043393,0.12707,-0.020166,-0.16828,-0.0056303,-0.2117,-0.051728,-0.0013594,0.023476,0.067447,0.23356,-0.14483,0.10654,-0.10666,-0.062707,0.20071,-0.10007,-0.064117,0.046902,-0.21818,0.074799,-0.20801,-0.037812,-0.066796,0.12993,0.1572,0.16421,-0.092995,0.010703,-0.1487,-0.056574,0.28739,0.0046456,-0.074231,0.12664,-0.10723,0.14788,0.064918
0.13452,-0.0019362,-0.23192,0.0020528,0.044588,-0.011466,0.22871,0.014032,-0.15314,0.0050874,-0.16789,-0.034873,0.21663,-0.0024224,-0.068942,0.0098424,0.26647,0.029258,-0.02986,0.21768,0.076674,-0.14558,0.02476,-0.17908,0.0067095,-0.22179,-0.0096609,0.065759,0.025442,0.070937,0.22501,0.034084,0.047718,0.14058,-0.18931,-0.18043,-0.019703,-0.081131,0.05742,0.20067,-0.13176,-0.014191,-0.016655,0.25695,0.1036,-0.096287,-0.04705,-0.12037,-0.19048,0.096764,0.11665,0.098964,0.043742,-0.28565,0.0046641,-0.0044477,-0.15524,0.069548,-0.1656,-0.085509
0.14496,-0.0019141,-0.22448,0.0020354,-0.0101,-0.013274,0.24837,0.010177,-0.054231,0.01456,-0.24048,-0.025389,0.10592,-0.014606,-0.21682,0.013531,0.16964,-0.11788,0.13264,0.18616,0.065673,0.13564,-0.017423,-0.24043,0.023615,0.07591,-0.0050797,0.2239,0.058239,0.0096203,-0.015658,-0.058513,-0.24505,0.10015,-0.028454,0.19669,0.095896,-0.13482,0.054489,-0.10856,0.096504,0.23755,-0.030122,-0.11776,-0.076715,0.21953,-0.03879,0.023896,0.1429,-0.092736,-0.21713,-0.053313,-0.013924,0.24675,0.025122,0.084081,0.16182,-0.018007,0.17844,0.11127
0.15538,-0.0018428,-0.21283,0.0018083,-0.063938,-0.013884,0.24218,0.0055456,0.054376,0.01972,-0.24911,-0.0070714,-0.044748,-0.019161,-0.2538,0.0097417,-0.039178,-0.16804,0.18756,-0.031952,-0.0061911,0.25677,-0.03641,0.030285,0.01366,0.2541,0.0032628,-0.011762,-0.016667,-0.063427,-0.2253,-0.03055,-0.0055177,-0.15467,0.21346,0.070194,-0.048767,0.16595,-0.11874,-0.096364,0.042421,-0.24669,0.0099194,-0.11249,0.0062569,-0.22343,0.077494,0.1046,-0.04868,0.067422,0.25777,0.032884,-0.036686,-0.17945,-0.080985,-0.14521,-0.13854,-0.042719,-0.18283,-0.14157
0.16578,-0.0017183,-0.19702,0.0013685,-0.11422,-0.013286,0.2109,0.00081276,0.15303,0.019874,-0.19145,0.012791,-0.17852,-0.012969,-0.16144,0.0011895,-0.22167,-0.080227,0.091216,-0.21851,-0.068485,0.076142,-0.016257,0.25923,-0.0084488,0.030839,0.010249,-0.22459,-0.067576,-0.016834,0.0055164,0.045093,0.24628,-0.05304,-0.061366,-0.22086,-0.089228,0.016642,0.050051,0.17335,-0.15617,0.034698,0.034683,0.26109,0.027243,0.090438,-0.059245,-0.20763,-0.043028,-0.0097019,-0.22659,-0.04284,0.10157,0.10216,0.13878,0.16752,0.083502,0.10467,0.17459,0.17399
0.17614,-0.0015378,-0.17715,0.00072244,-0.15836,-0.011551,0.15789,-0.0034258,0.22397,0.015675,-0.082853,0.026727,-0.24502,0.0011171,0.012793,-0.007235,-0.25777,0.073983,-0.07724,-0.18712,-0.063485,-0.19415,0.015167,0.13211,-0.019286,-0.23984,0.0090839,-0.042757,0.0031985,0.052333,0.22898,0.030758,-0.0353,0.14663,-0.1991,0.046516,0.12051,-0.161,0.095266,-0.041847,0.12182,0.19745,-0.02135,-0.21347,0.0014851,0.10712,0.021041,0.223,0.085327,-0.076545,0.13888,0.068406,-0.16512,-0.037537,-0.17204,-0.13962,-0.0056043,-0.15566,-0.14976,-0.20514
0.18646,-0.0012998,-0.15336,-0.00010333,-0.19401,-0.0088674,0.088737,-0.0066832,0.25458,0.0087349,0.047734,0.029954,-0.21889,0.015679,0.18012,-0.011202,-0.1251,0.16907,-0.1818,0.033252,-0.00044507,-0.23732,0.024655,-0.17359,-0.011291,-0.13312,-0.0050053,0.21375,0.078349,0.022256,0.0051646,-0.029529,-0.23836,0.015884,0.14483,0.17851,0.038792,0.08274,-0.1473,-0.12448,0.04211,-0.23722,-0.057745,0.0075146,-0.03756,-0.2402,-0.011649,-0.12786,-0.065459,0.16642,-0.031961,-0.082979,0.20852,0.0055946,0.16223,0.067507,-0.076412,0.18225,0.1066,0.23142
0.19674,-0.0010049,-0.12581,-0.0010585,-0.21911,-0.0055449,0.010678,-0.0086249,0.23959,0.0011022,0.16544,0.021931,-0.10948,0.022714,0.25579,-0.0089743,0.087981,0.12679,-0.13928,0.225,0.05739,-0.0024321,0.0096666,-0.23864,0.0062045,0.1815,-0.019901,0.096441,0.018338,-0.038744,-0.23473,-0.03535,0.075576,-0.12503,0.15047,-0.12932,-0.16906,0.090889,0.016876,0.11944,-0.17932,0.062903,0.11114,0.19268,0.013058,0.21668,0.039956,-0.036161,0.016577,-0.22265,-0.048466,0.062245,-0.21774,-0.015631,-0.10692,0.027216,0.14082,-0.17613,-0.048086,-0.24928
0.20697,-0.00065523,-0.094723,-0.0020658,-0.23202,-0.001993,-0.068072,-0.0091263,0.18193,-0.0052998,0.2386,0.0063394,0.042271,0.018014,0.20201,-0.0021283,0.24158,-0.020809,0.014921,0.19473,0.056346,0.23505,-0.0074325,0.021911,0.01885,0.21196,-0.01105,-0.19056,-0.085234,-0.024456,-0.013286,0.013868,0.22181,0.0063505,-0.20827,-0.09435,0.04707,-0.12155,0.16012,0.035937,0.14549,0.14664,-0.048668,-0.23376,0.070013,-0.055423,-0.064484,0.18279,0.0079703,0.21597,0.072558,0.0012949,0.19195,0.060579,0.022572,-0.11438,-0.17059,0.13744,-0.018465,0.2563
0.21714,-0.0002549,-0.060329,-0.0030193,-0.23154,0.0013303,-0.13909,-0.0083013,0.092263,-0.0091949,0.24734,-0.010451,0.17896,0.0034954,0.046666,0.0052005,0.23574,-0.15517,0.15532,-0.032101,0.0034236,0.19692,-0.011162,0.24897,0.01538,-0.089178,0.0209,-0.14313,-0.045641,0.02439,0.24046,0.043734,-0.11319,0.098142,-0.075256,0.15894,0.17191,-0.0079742,-0.15661,-0.12988,0.039299,-0.19957,-0.099082,0.099238,-0.13186,-0.12733,0.035507,-0.23573,0.020225,-0.14306,-0.044415,-0.092677,-0.14571,-0.11796,0.060474,0.16524,0.15843,-0.073952,0.084257,-0.25248
0.22725,0.00019053,-0.022889,-0.0037831,-0.21697,0.0040005,-0.19452,-0.0064407,-0.012931,-0.010315,0.18905,-0.02191,0.24824,-0.013918,-0.13107,0.0083959,0.0759,-0.16549,0.16849,-0.23174,-0.04594,-0.071293,-0.0073179,0.13382,-0.0060382,-0.25113,0.031204,0.15644,0.084186,0.02421,0.01892,-0.00067055,-0.19666,-0.013553,0.24112,0.00082036,-0.14704,0.10209,-0.051095,0.043406,-0.19596,0.073075,0.18681,0.088629,0.091075,0.20945,0.052231,0.17579,-0.081598,0.029096,-0.0021345,0.18112,0.10192,0.15946,-0.11108,-0.16329,-0.10857,-0.0017981,-0.14148,0.23991
0.23729,0.00067491,0.01732,-0.0042099,-0.18809,0.0057162,-0.2277,-0.0039313,-0.11421,-0.0092296,0.079343,-0.023882,0.22269,-0.025745,-0.24073,0.0058638,-0.13087,-0.040299,0.045564,-0.2037,-0.046282,-0.25478,-0.0043033,-0.16242,-0.026468,-0.020325,-0.0074369,0.18009,0.074575,-0.01107,-0.2456,-0.054641,0.14501,-0.074907,-0.015376,-0.13461,-0.11199,-0.04731,0.21578,0.097443,0.16144,0.090177,-0.10016,-0.1828,0.049008,-0.15214,-0.14672,-0.045981,0.12582,0.085111,0.0263,-0.23521,-0.079621,-0.16471,0.11203,0.1105,0.035109,0.075649,0.18392,-0.22078
0.24725,0.0011929,0.060016,-0.0041733,-0.14519,0.006359,-0.23375,-0.0012486,-0.1924,-0.0068261,-0.051687,-0.016121,0.11088,-0.025621,-0.22657,0.00038395,-0.24723,0.12005,-0.11143,0.026364,-0.0036512,-0.14044,0.00045939,-0.23511,-0.01897,0.24306,-0.044578,-0.11607,-0.07368,-0.021487,-0.023538,-0.0084935,0.16368,0.010771,-0.23617,0.070319,0.21973,-0.052334,-0.11883,-0.1006,0.038934,-0.14113,-0.1066,0.13308,-0.18627,0.015843,0.17503,-0.080078,-0.10712,-0.16211,-0.0038347,0.23748,0.085706,0.12906,-0.065505,-0.024999,0.043394,-0.13498,-0.20736,0.19635
0.25714,0.0017408,0.10491,-0.0035857,-0.088974,0.0060001,-0.20984,0.0010709,-0.2317,-0.0039272,-0.16706,-0.0023455,-0.044652,-0.012294,-0.096238,-0.0035032,-0.19751,0.18408,-0.1738,0.23038,0.036374,0.13423,0.010088,0.010579,0.013835,0.12879,-0.017982,-0.20954,-0.10421,-0.00066077,0.25238,0.067698,-0.17107,0.059626,0.10632,0.071708,-3.3666e-05,0.058828,-0.13358,-0.033661,-0.20399,0.064476,0.23831,-0.008109,0.19733,0.096183,-0.096476,0.14316,0.013279,0.18296,-0.063287,-0.19053,-0.11375,-0.063643,-0.010292,-0.067727,-0.10974,0.17151,0.21058,-0.1679
0.26695,0.002315,0.15173,-0.0023876,-0.020482,0.0048481,-0.15528,0.0025933,-0.22183,-0.0011617,-0.23206,0.011323,-0.18185,0.008743,0.082131,-0.0034878,-0.018349,0.097429,-0.092252,0.20628,0.036043,0.2471,0.015753,0.23795,0.034739,-0.18466,0.041637,0.06954,0.051264,0.015297,0.029742,0.015073,-0.12475,-0.0012933,0.19452,-0.096623,-0.2297,0.008551,0.2309,0.12274,0.16373,0.036093,-0.15234,-0.08564,-0.051612,-0.11844,-0.059114,-0.13037,0.11911,-0.15333,0.14606,0.11525,0.14543,-0.0079724,0.08592,0.14089,0.14969,-0.18085,-0.1943,0.13664
0.27668,0.0029113,0.20019,-0.00052971,0.058982,0.0031784,-0.071339,0.003142,-0.15921,0.0010717,-0.22231,0.018818,-0.24107,0.0267,0.21276,-0.0010602,0.16597,-0.070388,0.06264,-0.02097,0.00077013,0.069417,0.0047904,0.14019,0.014761,-0.20795,0.0435,0.22859,0.12866,0.0095266,-0.25608,-0.080636,0.18992,-0.053463,-0.1788,0.0028322,0.12549,-0.038118,-0.044961,-0.044955,0.039011,-0.06869,-0.085659,0.095601,-0.14948,0.066526,0.20108,0.072589,-0.22106,0.097993,-0.19885,-0.042571,-0.15724,0.059116,-0.13072,-0.1712,-0.1541,0.16166,0.15997,-0.10309
0.28632,0.003524,0.25006,0.0020302,0.14797,0.0012912,0.039252,0.002823,-0.046793,0.0026723,-0.12844,0.016256,-0.18552,0.029929,0.21657,0.00062513,0.22395,-0.17636,0.15675,-0.22176,-0.030028,-0.1839,-0.017289,-0.14658,-0.026654,0.095603,-0.023323,-0.025479,-0.021637,-0.0062916,-0.028194,-0.016921,0.074795,-0.008721,-0.11697,0.070517,0.15882,0.0054472,-0.19487,-0.094524,-0.19321,0.039106,0.24973,-0.050892,0.24625,-0.0075504,-0.23451,-0.017628,0.22816,-0.045707,0.18266,-0.0010092,0.1305,-0.07031,0.12352,0.14566,0.12053,-0.116,-0.10954,0.066855
0.29587,0.0041465,0.3011,0.0053261,0.24501,-0.00051686,0.17298,0.0019807,0.10769,0.0038332,0.044647,0.0030197,-0.010168,0.010533,0.061955,0.00032021,0.092691,-0.10721,0.093053,-0.16985,-0.022991,-0.18933,-0.022145,-0.21131,-0.035208,0.23003,-0.056058,-0.23228,-0.14038,-0.015413,0.25332,0.092857,-0.20157,0.059385,0.21996,-0.057632,-0.22004,0.018419,0.20432,0.11316,0.16008,-0.0072847,-0.19631,0.012076,-0.1709,-0.012263,0.14429,-0.0044013,-0.13504,0.013783,-0.10209,0.010036,-0.069782,0.04319,-0.069956,-0.07789,-0.061732,0.056471,0.052112,-0.030906
0.30533,0.0047711,0.35312,0.009384,0.34872,-0.0019801,0.3263,0.0011184,0.29464,0.0049282,0.28285,-0.018543,0.2653,-0.033558,-0.23417,0.00053802,-0.20584,0.1521,-0.13037,0.18667,0.022373,0.16055,0.019821,0.1509,0.028125,-0.13703,0.034804,0.11871,0.074811,0.0096383,-0.11437,-0.041796,0.080437,-0.026799,-0.081855,0.015882,0.076564,-0.0087407,-0.065145,-0.037756,-0.046718,-0.00080772,0.056338,-0.00046402,0.046644,0.0051561,-0.037261,0.0028658,0.034411,-0.0019793,0.025278,-0.0035231,0.016933,-0.011132,0.017438,0.018832,0.014585,-0.012981,-0.011857,0.0069385
